Abby 0 10 11 12 13 14 15 16 17 19          
Aiden 1 13 14 27 28               
Belle 0 24 25 26 9 5 12 17 19 31          
Bracken 1 3 5 7 11 12 16 18            
Cameron 1 5 11 16                
Cordell 1 5 7 12 17 18 19 21 24 25 26 28 30 31      
EmmaLee 0 24 16 14 9 7 4 11 18 25 21 5        
Hayden 1 2 3 4 5 9 10 11 12 21 23 27 28 30      
Haylee 0 1 2 3 4 5 6 7 10 17 24 31 12 19 26 9 24 25 10 23
Jason 1 13 14 27 28 21 7             
Kenzie 0 9 10 11 12 13 14             
Kiya 0 21 4 7 10 12 13 14 17           
Kyle 1 4 7 14 17 21              
Leah 0 5 12 17 19 25 26 27 28 31          
Madison 0 3 4 6 7 10 11 17 19 20 21         
Olivia 0 21 31 24 25 5 12 17 19           
Rhiley 1 5 12 17 19 18 11 20 4           
Shayna 0 11 3 5 12 17 19 21 10           
Tayven 1 5 4 11 18 17 19  